,date,content,title,name
6377,2023-11-04,"join our newsletter

Get Pitt and Oakland news in your inbox three times a week PERIOD

Join our newsletter

Get Pitt and Oakland news in your inbox three times a week PERIOD",mcgowens Archives - The Pitt News,University of Pittsburgh
